test1 1.650 1776670539 12 12
test2 13.701 1776670585 25 25
test3 15.701 1776670585 25 25
test4 155.701 1776670585 25 25
test5 13.701 1776670585 25 25
test7 16.701 1776670585 25 25
test8 122.701 1776670585 25 25
test9 35.701 1776670585 25 25
test10 15.701 1776670585 25 25
test11 67.701 1776670585 25 25
test77 1488.701 1776670585 25 25
test68 44.701 1776670585 25 25
test787 19.701 1776670585 25 25
test1212 10.701 1776670585 25 25
test56 100.701 1776670585 25 25
test677 199.701 1776670585 25 25
test3 125.701 1776670585 25 25
test3 15.701 1776670585 25 25
2334323 48.370 1776681315 45 88
